acc: 0.975657
val: 0.798762
lr: 0.00020
rc: 0.05000
